rectangle-148x205|60|160|84|128|21|64
rectangle-205x148|45|120|60|96|15|48
rectangle-240x240|72|192|96|150|24|80
rectangle-320x360|108|256|144|240|36|120
round-208x208|63|160|84|128|21|64
round-218x218|66|160|88|150|22|80
round-240x240|72|192|96|150|24|80
round-260x260|78|192|104|160|26|80
round-280x280|84|200|112|192|28|96
round-360x360|108|256|144|240|36|120
round-390x390|117|300|156|240|39|120
round-416x416|126|300|168|300|42|150
round-454x454|135|320|180|300|45|150
semi-octagon-163x156|48|120|64|96|16|48
semi-octagon-176x176|54|128|72|128|18|64
semiround-215x180|54|128|72|128|18|64